,Test Building 1,Test Building 2,Test Building 3,Test Building 4,Test Building 5,Test Building 6,Test Building 7,Test Building 8
Test Building 1,0,2.3,4.6,3.1,7.5,8.9,4.7,7.9
Test Building 2,2.3,0,3.6,1.1,6.8,4,4.9,6.2
Test Building 3,4.6,3.6,0,4.6,3.8,9.5,8.8,2.4
Test Building 4,3.1,1.1,4.6,0,6.9,5.9,2.6,5
Test Building 5,7.5,6.8,3.8,6.9,0,6.8,3.9,7
Test Building 6,8.9,4,9.5,5.9,6.8,0,7.9,3.8
Test Building 7,4.7,4.9,8.8,2.6,3.9,7.9,0,1.7
Test Building 8,7.9,6.2,2.4,5,7,3.8,1.7,0
